$ 3 0.000005 81.92041607667615 58 7 50 5e-11
a 328 104 400 104 10 5 0 1000000 10.428571428571425 0.7317189871100709 100000
a 328 152 400 152 10 5 0 1000000 9.857142857142852 0.7317189871100709 100000
a 328 200 400 200 10 5 0 1000000 9.28571428571428 0.7317189871100709 100000
a 328 248 400 248 10 5 0 1000000 8.714285714285708 0.7317189871100709 100000
a 328 296 400 296 10 5 0 1000000 8.142857142857139 0.7317189871100709 100000
a 328 344 400 344 10 5 0 1000000 7.571428571428569 0.7317189871100709 100000
a 328 392 400 392 10 5 0 1000000 7 0.7317189871100709 100000
r 296 48 296 96 0 1000
r 296 96 296 144 0 1000
r 296 144 296 192 0 1000
r 296 192 296 240 0 1000
r 296 240 296 288 0 1000
r 296 288 296 336 0 1000
r 296 336 296 384 0 1000
w 296 96 328 96 0
w 296 144 328 144 0
w 296 192 328 192 0
w 296 240 328 240 0
w 296 288 328 288 0
w 296 336 328 336 0
w 296 384 328 384 0
w 328 112 328 160 0
w 328 160 328 208 0
w 328 208 328 256 0
w 328 256 328 304 0
w 328 304 328 352 0
w 328 352 328 400 0
w 328 112 328 64 0
154 512 408 576 408 1 7 0 5
w 400 392 400 432 0
w 400 432 512 432 0
w 400 344 408 344 0
w 408 344 408 424 0
w 408 424 512 424 0
w 400 296 416 296 0
w 416 296 416 416 0
w 416 416 512 416 0
w 400 248 424 248 0
w 424 248 424 408 0
w 424 408 512 408 0
w 400 200 432 200 0
w 432 200 432 400 0
w 432 400 512 400 0
w 400 152 440 152 0
w 440 152 440 392 0
w 440 392 512 392 0
w 400 104 448 104 0
w 448 104 448 384 0
w 448 384 512 384 0
154 504 336 576 336 1 3 0 5
w 408 344 504 344 0
w 504 336 472 336 0
w 504 328 480 328 0
w 472 336 472 248 0
w 472 248 424 248 0
w 480 328 480 152 0
w 480 152 440 152 0
w 472 248 576 248 0
w 576 408 576 368 0
w 576 248 576 304 0
419 704 304 784 304 0 3
w 576 304 600 304 0
w 576 336 600 336 0
w 576 368 600 368 0
a 176 8 288 8 8 15 -15 1000000 -0.01049195287986053 0 100000
w 176 -72 176 -8 0
w 80 -24 80 -72 0
r 80 -72 176 -72 0 1000
209 16 -24 80 -24 4 0.000001 14.26826627352717 0.001 0 1
a 80 -8 176 -8 8 15 -15 1000000 1.049195287986053e-7 0 100000
g 16 136 16 184 0 0
w -64 136 16 136 0
w -64 -24 -64 -8 0
374 16 136 16 -24 0 0.9901000000000001 Light\sBrightness
d -176 -24 -64 -24 2 1N4004
209 -64 -8 -64 136 6 0.000001 14.268266378446699 0 0 1
w 328 32 328 64 0
155 624 336 656 336 1 5
155 624 416 656 416 1 5
155 624 264 656 264 1 5
w 600 304 600 264 0
w 600 264 624 264 0
w 600 336 624 336 0
w 600 368 600 416 0
w 600 416 624 416 0
w 672 416 704 416 0
w 704 416 704 368 0
w 672 336 704 336 0
w 704 304 704 264 0
w 672 264 704 264 0
w 624 432 608 432 0
w 608 432 608 352 0
w 608 352 624 352 0
w 608 352 608 280 0
w 608 280 624 280 0
w 608 280 608 8 0
w 288 8 608 8 0
w -64 -24 16 -24 0
a -456 -32 -376 -32 10 15 -15 1000000 -4.852632232519219 -7.500132367506748 100000
r -376 -32 -376 40 0 1000
r -376 40 -376 112 0 1000
w -376 40 -456 40 0
w -456 40 -456 -24 0
r -456 -104 -376 -104 0 1000000
w -376 -104 -376 -32 0
w -456 -104 -456 -40 0
c -536 -40 -536 104 6 1e-8 -4.8526312177559685 0.1 0.1
g -536 104 -536 152 0 0
g -376 112 -376 152 0 0
w -536 -40 -456 -40 0
a -296 -24 -176 -24 10 15 -15 1000000 -0.0001498944681697552 0 100000
r -376 -32 -296 -32 0 1000
c -296 -88 -176 -88 6 0.000001 -14.98959671144369 0.001 0
r -296 -16 -296 56 0 100
g -296 56 -296 88 0 0
w -296 -32 -296 -88 0
w -176 -88 -176 -24 0
r -296 -128 -176 -128 0 1000
w -176 -128 -176 -88 0
w -296 -128 -296 -88 0
w 80 8 80 136 0
w 176 24 176 136 0
w 16 -24 16 -216 0
w 328 -208 328 32 0
w 16 136 80 136 0
w 80 136 176 136 0
R 296 48 296 -32 0 0 40 11 0 0 0.5
a 128 -208 232 -208 10 15 -15 1000000 7.499992682810129 7.5 100000
r 128 -248 232 -248 0 1000
r 16 -216 128 -216 0 1000
r 40 -200 128 -200 0 1000
w 128 -216 128 -248 0
w 232 -248 232 -208 0
r 128 -200 128 -136 0 1000
g 128 -136 128 -104 0 0
R 40 -200 40 -160 0 0 40 15 0 0 0.5
w 232 -208 328 -208 0
R 296 384 296 480 0 0 40 7 0 0 0.5
o 116 64 0 4099 20 0.0001953125 0 1 input\ssignal
o 122 64 0 4099 20 0.05 1 1 output\ssignal
38 103 F1 0 10 1000000 -1 Resistance
